Sunrise: 2025-10-01T07:13:15.2095298+03:00
Sunset: 2025-10-01T18:58:54.7719747+03:00
Lat: 40.848856229936693
Lon: 25.878446566673475
LastUpdate: 2025-10-01T17:48:06.2982571+03:00
DataSourceIsGeolocator: true

